{
  "cross_role_results_path": "/home/thowell332/tufts/value-driven-behavior/utility_analysis/experiments/linear_probes/results_linear_probes/llama-31-8b-instruct/linear_probes_llama-31-8b-instruct_full_multirole_probe_results_gen_first_utility_cross_role.json",
  "save_suffix": "llama-31-8b-instruct_full_multirole",
  "position": "gen_first",
  "layer": 31,
  "roles": [
    "candidate for political office running for a local office",
    "corporate executive at a Fortune 500 company",
    "emergency medicine physician working at a hospital",
    "environmental activist working for a non-profit organization",
    "helpful assistant",
    "investigative journalist working for a respected newspaper",
    "lawyer working as a civil liberties advocate",
    "military officer in active duty",
    "religious leader responsible for a congregation",
    "scientific researcher running a laboratory at a university",
    "software engineer working at a technology startup",
    "union worker at a manufacturing plant"
  ],
  "activation_similarity_matrix": [
    [
      1.0,
      0.8837702330213498,
      0.8128981543813315,
      0.8714547502792983,
      0.7960953083797652,
      0.8688316781338883,
      0.8565602760322314,
      0.7240848251888952,
      0.9038614913626735,
      0.8544758073365306,
      0.839513434091128,
      0.8501610157082429
    ],
    [
      0.8837702330213498,
      1.0,
      0.9136473435880917,
      0.9338278994133448,
      0.8414177172665847,
      0.9326174871357784,
      0.9305970387641999,
      0.748316955688907,
      0.9314329531128892,
      0.9374642752438868,
      0.9261689530538247,
      0.9310113843374996
    ],
    [
      0.8128981543813315,
      0.9136473435880917,
      1.0,
      0.9019456465224731,
      0.79674489960645,
      0.9021264781232955,
      0.9081947696671087,
      0.7060789074063643,
      0.8772821266013757,
      0.9280382077880991,
      0.9170766350249372,
      0.9300351807586104
    ],
    [
      0.8714547502792983,
      0.9338278994133448,
      0.9019456465224731,
      1.0,
      0.858928545712848,
      0.9406472691212043,
      0.9475062697257258,
      0.7252747959454218,
      0.924466607601073,
      0.9358201910082512,
      0.9203487134414461,
      0.9256887707375564
    ],
    [
      0.7960953083797652,
      0.8414177172665847,
      0.79674489960645,
      0.858928545712848,
      1.0,
      0.8567964534374233,
      0.8644408433145182,
      0.6999839764605974,
      0.8466076411625749,
      0.8562971546323548,
      0.828004818843062,
      0.8351292614824293
    ],
    [
      0.8688316781338883,
      0.9326174871357784,
      0.9021264781232955,
      0.9406472691212043,
      0.8567964534374233,
      1.0,
      0.9415803964234961,
      0.7327603364791504,
      0.9230561102298327,
      0.9349038180917765,
      0.9090474777947425,
      0.9156669651164651
    ],
    [
      0.8565602760322314,
      0.9305970387641999,
      0.9081947696671087,
      0.9475062697257258,
      0.8644408433145182,
      0.9415803964234961,
      1.0,
      0.72194769739403,
      0.915745926063442,
      0.9327058573893133,
      0.9193591803613048,
      0.920809948777577
    ],
    [
      0.7240848251888952,
      0.748316955688907,
      0.7060789074063643,
      0.7252747959454218,
      0.6999839764605974,
      0.7327603364791504,
      0.72194769739403,
      1.0,
      0.745120251358379,
      0.7306536408046279,
      0.7194471473619772,
      0.7222015294633972
    ],
    [
      0.9038614913626735,
      0.9314329531128892,
      0.8772821266013757,
      0.924466607601073,
      0.8466076411625749,
      0.9230561102298327,
      0.915745926063442,
      0.745120251358379,
      1.0,
      0.9165320750850663,
      0.8912612937310667,
      0.906468837515203
    ],
    [
      0.8544758073365306,
      0.9374642752438868,
      0.9280382077880991,
      0.9358201910082512,
      0.8562971546323548,
      0.9349038180917765,
      0.9327058573893133,
      0.7306536408046279,
      0.9165320750850663,
      1.0,
      0.9316031815650941,
      0.941142692804275
    ],
    [
      0.839513434091128,
      0.9261689530538247,
      0.9170766350249372,
      0.9203487134414461,
      0.828004818843062,
      0.9090474777947425,
      0.9193591803613048,
      0.7194471473619772,
      0.8912612937310667,
      0.9316031815650941,
      1.0,
      0.932935786956317
    ],
    [
      0.8501610157082429,
      0.9310113843374996,
      0.9300351807586104,
      0.9256887707375564,
      0.8351292614824293,
      0.9156669651164651,
      0.920809948777577,
      0.7222015294633972,
      0.906468837515203,
      0.941142692804275,
      0.932935786956317,
      1.0
    ]
  ],
  "utility_similarity_matrix": [
    [
      0.9999999999999999,
      0.8394609163090425,
      0.8744485120905529,
      0.8444700947988664,
      0.9290997874918521,
      0.914076097068029,
      0.8039321079239659,
      0.8635886547728424,
      0.8954819236068553,
      0.9140733807573077,
      0.8636812268897384,
      0.8513215397155686
    ],
    [
      0.8394609163090425,
      1.0,
      0.7995897391782057,
      0.6513522895376569,
      0.8342203150249531,
      0.7387422634672505,
      0.5236857063749801,
      0.8477922620552204,
      0.6588419480205806,
      0.8600944821624774,
      0.9044711425552854,
      0.7667218648201959
    ],
    [
      0.8744485120905527,
      0.7995897391782056,
      1.0,
      0.80283953832251,
      0.8785944240125195,
      0.8379553445023724,
      0.6625655167763344,
      0.8605778803393707,
      0.827277243230042,
      0.9047332416982987,
      0.8019116429762754,
      0.8445416620301213
    ],
    [
      0.8444700947988665,
      0.651352289537657,
      0.80283953832251,
      1.0,
      0.811642119067675,
      0.8830229727365629,
      0.783803735858529,
      0.696547662116388,
      0.8946032424506362,
      0.8783770863181914,
      0.6743127292371215,
      0.7634871865805736
    ],
    [
      0.9290997874918521,
      0.8342203150249532,
      0.8785944240125195,
      0.811642119067675,
      1.0,
      0.8888156616763265,
      0.7807404596544654,
      0.8498534752188323,
      0.8830018002839612,
      0.9377472290964828,
      0.911550516066242,
      0.8530859475560145
    ],
    [
      0.914076097068029,
      0.7387422634672505,
      0.8379553445023724,
      0.8830229727365629,
      0.8888156616763264,
      1.0,
      0.847739952474591,
      0.7884013128631441,
      0.8856032099752601,
      0.9091591404706648,
      0.8053233919031474,
      0.8185522745388123
    ],
    [
      0.8039321079239659,
      0.5236857063749802,
      0.6625655167763344,
      0.783803735858529,
      0.7807404596544653,
      0.847739952474591,
      1.0,
      0.5812347433053802,
      0.8567435176397565,
      0.721720457830833,
      0.6938544442073044,
      0.6807564062472262
    ],
    [
      0.8635886547728424,
      0.8477922620552204,
      0.8605778803393707,
      0.696547662116388,
      0.8498534752188323,
      0.7884013128631441,
      0.58123474330538,
      1.0,
      0.770035037805196,
      0.8573268834478486,
      0.814806750011526,
      0.7710150902675991
    ],
    [
      0.8954819236068554,
      0.6588419480205807,
      0.827277243230042,
      0.8946032424506362,
      0.8830018002839612,
      0.8856032099752601,
      0.8567435176397565,
      0.770035037805196,
      1.0,
      0.8694575005547036,
      0.738882605044089,
      0.795088976890594
    ],
    [
      0.9140733807573077,
      0.8600944821624773,
      0.9047332416982988,
      0.8783770863181914,
      0.9377472290964828,
      0.9091591404706648,
      0.7217204578308332,
      0.8573268834478486,
      0.8694575005547035,
      1.0,
      0.8886608331306518,
      0.8452137393468989
    ],
    [
      0.8636812268897384,
      0.9044711425552854,
      0.8019116429762754,
      0.6743127292371215,
      0.911550516066242,
      0.8053233919031474,
      0.6938544442073044,
      0.814806750011526,
      0.738882605044089,
      0.8886608331306518,
      1.0,
      0.7901232261441656
    ],
    [
      0.8513215397155686,
      0.7667218648201959,
      0.8445416620301213,
      0.7634871865805735,
      0.8530859475560145,
      0.8185522745388122,
      0.6807564062472262,
      0.7710150902675991,
      0.795088976890594,
      0.8452137393468989,
      0.7901232261441657,
      1.0
    ]
  ],
  "shared_option_counts": [
    [
      89,
      89,
      89,
      89,
      89,
      89,
      89,
      89,
      89,
      89,
      89,
      89
    ],
    [
      89,
      89,
      89,
      89,
      89,
      89,
      89,
      89,
      89,
      89,
      89,
      89
    ],
    [
      89,
      89,
      89,
      89,
      89,
      89,
      89,
      89,
      89,
      89,
      89,
      89
    ],
    [
      89,
      89,
      89,
      89,
      89,
      89,
      89,
      89,
      89,
      89,
      89,
      89
    ],
    [
      89,
      89,
      89,
      89,
      89,
      89,
      89,
      89,
      89,
      89,
      89,
      89
    ],
    [
      89,
      89,
      89,
      89,
      89,
      89,
      89,
      89,
      89,
      89,
      89,
      89
    ],
    [
      89,
      89,
      89,
      89,
      89,
      89,
      89,
      89,
      89,
      89,
      89,
      89
    ],
    [
      89,
      89,
      89,
      89,
      89,
      89,
      89,
      89,
      89,
      89,
      89,
      89
    ],
    [
      89,
      89,
      89,
      89,
      89,
      89,
      89,
      89,
      89,
      89,
      89,
      89
    ],
    [
      89,
      89,
      89,
      89,
      89,
      89,
      89,
      89,
      89,
      89,
      89,
      89
    ],
    [
      89,
      89,
      89,
      89,
      89,
      89,
      89,
      89,
      89,
      89,
      89,
      89
    ],
    [
      89,
      89,
      89,
      89,
      89,
      89,
      89,
      89,
      89,
      89,
      89,
      89
    ]
  ],
  "metadata_path": "/home/thowell332/tufts/value-driven-behavior/utility_analysis/experiments/linear_probes/results_linear_probes/llama-31-8b-instruct/linear_probes_llama-31-8b-instruct_full_multirole_metadata.jsonl",
  "layers_path": "/home/thowell332/tufts/value-driven-behavior/utility_analysis/experiments/linear_probes/results_linear_probes/llama-31-8b-instruct/linear_probes_llama-31-8b-instruct_full_multirole_layers.json",
  "activations_path": "/home/thowell332/tufts/value-driven-behavior/utility_analysis/experiments/linear_probes/results_linear_probes/llama-31-8b-instruct/linear_probes_llama-31-8b-instruct_full_multirole_X_gen_first.pt"
}